classes_colors = {'optic_lobes': (0.0, 1.0, 0.0),
 'Kenyon_Cell': (1.0, 0.0, 1.0),
 'L1-5': (0.0, 0.5, 1.0),
 'visual': (1.0, 0.5, 0.0),
 'CX': (0.5, 0.75, 0.5),
 'mechanosensory': (0.39073614702912474,
  0.10746627493355365,
  0.6061596403499744),
 'AN': (0.8064653203667275, 0.4870234036155846, 0.9829181298311065),
 'olfactory': (0.9673184846550578, 0.9928999105251172, 0.192037105673032),
 'medulla_intrinsic': (0.028163554054385975,
  0.9898106778568773,
  0.8677887228188851),
 'DN': (0.01740212850404277, 0.5088108643908335, 0.1340660173663395),
 'ALPN': (0.678341497395069, 0.06143749959842826, 0.04152443950669327),
 'LHLN': (0.0, 0.0, 1.0),
 'ALLN': (0.9903677969864705, 0.24574881144439542, 0.5293539266474815),
 'gustatory': (0.5228864721555717, 0.47076256279821793, 0.023436982088937075),
 'DAN': (0.5205643151817333, 0.9102043594984116, 0.011535494630145138),
 'bilateral': (0.012832427461419438, 0.8823011025463132, 0.42670492648088976),
 'TuBu': (0.5211541352150176, 0.9013072277343596, 0.9964101476852893),
 'unknown_sensory': (0.016246415656462343,
  0.37654977741270923,
  0.5548900385203451),
 'motor': (0.9952733152738166, 0.6997024207471374, 0.4764188824737571),
 'MBON': (0.5, 0.0, 1.0),
 'mAL': (0.396882096819811, 0.4084551386093016, 0.8386603886186452),
 'hygrosensory': (0.2720982862640825,
  0.19066245502387213,
  0.23017846886448567),
 'ocellar': (0.0, 0.0, 0.5),
 'LHCENT': (0.6794808008374225, 0.44274143445162106, 0.4245353468169373),
 'pars_intercerebralis': (0.18730755387850018,
  0.7151942421278039,
  0.7544236926368034),
 'thermosensory': (0.7396836278817754, 0.9753694773502177, 0.6773947621442815),
 'pars_lateralis': (0.9956318362482632,
  0.182923410918039,
  0.11013268331442416),
 'ALIN': (0.754064345501491, 0.0025306763328722948, 0.4322181201242865),
 'ALON': (0.8069796992077671, 0.7305699847933737, 0.12357576700789674),
 'MBIN': (0.7467045038366535, 0.19510727680360573, 0.8057025992874618),
 'CSD': (0.24099533415642582, 0.7569531640349552, 0.13208718342109527), 
 'NA': (0,0,0)}